[gd_scene load_steps=11 format=2]

[ext_resource path="res://Player.tscn" type="PackedScene" id=1]
[ext_resource path="res://Camera_Pivot.tscn" type="PackedScene" id=2]

[sub_resource type="CubeMesh" id=1]
size = Vector3( 6, 2, 10 )

[sub_resource type="BoxShape" id=2]
extents = Vector3( 3, 1, 5 )

[sub_resource type="CubeMesh" id=3]
size = Vector3( 6, 2, 20 )

[sub_resource type="BoxShape" id=4]
extents = Vector3( 3, 1, 10 )

[sub_resource type="CubeMesh" id=5]
size = Vector3( 10, 2, 20 )

[sub_resource type="BoxShape" id=6]
extents = Vector3( 5, 1, 10 )

[sub_resource type="CylinderMesh" id=7]
top_radius = 0.5
bottom_radius = 0.5
height = 30.0

[sub_resource type="CylinderShape" id=8]
radius = 0.5
height = 30.0

[node name="Level1" type="Spatial"]

[node name="Flooring" type="Spatial" parent="."]

[node name="StaticBody" type="StaticBody" parent="Flooring"]
transform = Transform( 1, 0, 0, 0, 1, 0, 0, 0, 1, 0.0111711, -0.00502038, 0.000427723 )
__meta__ = {
"_edit_group_": true
}

[node name="MeshInstance" type="MeshInstance" parent="Flooring/StaticBody"]
mesh = SubResource( 1 )
material/0 = null

[node name="CollisionShape" type="CollisionShape" parent="Flooring/StaticBody"]
shape = SubResource( 2 )

[node name="StaticBody2" type="StaticBody" parent="Flooring"]
transform = Transform( 0.866025, 0, 0.5, 0, 1, 0, -0.5, 0, 0.866025, 2.10992, -0.00502038, 7.98123 )
__meta__ = {
"_edit_group_": true
}

[node name="MeshInstance" type="MeshInstance" parent="Flooring/StaticBody2"]
mesh = SubResource( 1 )
material/0 = null

[node name="CollisionShape" type="CollisionShape" parent="Flooring/StaticBody2"]
shape = SubResource( 2 )

[node name="StaticBody3" type="StaticBody" parent="Flooring"]
transform = Transform( -0.866025, 0, -0.5, 0, 1, 0, 0.5, 0, -0.866025, 13.5933, -0.00502038, 19.4695 )
__meta__ = {
"_edit_group_": true
}

[node name="MeshInstance" type="MeshInstance" parent="Flooring/StaticBody3"]
mesh = SubResource( 1 )
material/0 = null

[node name="CollisionShape" type="CollisionShape" parent="Flooring/StaticBody3"]
shape = SubResource( 2 )

[node name="StaticBody4" type="StaticBody" parent="Flooring"]
transform = Transform( -0.5, 0, -0.866025, 0, 1, 0, 0.866025, 0, -0.5, 7.84003, -0.00502038, 13.7226 )
__meta__ = {
"_edit_group_": true
}

[node name="MeshInstance" type="MeshInstance" parent="Flooring/StaticBody4"]
mesh = SubResource( 1 )
material/0 = null

[node name="CollisionShape" type="CollisionShape" parent="Flooring/StaticBody4"]
shape = SubResource( 2 )

[node name="StaticBody5" type="StaticBody" parent="Flooring"]
transform = Transform( -0.866025, 0, 0.5, 0, 1, 0, -0.5, 0, -0.866025, 13.5216, -0.00502038, 35.2887 )
__meta__ = {
"_edit_group_": true
}

[node name="MeshInstance" type="MeshInstance" parent="Flooring/StaticBody5"]
mesh = SubResource( 1 )
material/0 = null

[node name="CollisionShape" type="CollisionShape" parent="Flooring/StaticBody5"]
shape = SubResource( 2 )

[node name="StaticBody6" type="StaticBody" parent="Flooring"]
transform = Transform( -1, 0, 0, 0, 1, 0, 0, 0, -1, 15.6944, -0.00502038, 27.3278 )
__meta__ = {
"_edit_group_": true
}

[node name="MeshInstance" type="MeshInstance" parent="Flooring/StaticBody6"]
mesh = SubResource( 1 )
material/0 = null

[node name="CollisionShape" type="CollisionShape" parent="Flooring/StaticBody6"]
shape = SubResource( 2 )

[node name="StaticBody7" type="StaticBody" parent="Flooring"]
transform = Transform( 0.5, 0, -0.866025, 0, 1, 0, 0.866025, 0, 0.5, 7.78039, -0.00502038, 40.98 )
__meta__ = {
"_edit_group_": true
}

[node name="MeshInstance" type="MeshInstance" parent="Flooring/StaticBody7"]
mesh = SubResource( 1 )
material/0 = null

[node name="CollisionShape" type="CollisionShape" parent="Flooring/StaticBody7"]
shape = SubResource( 2 )

[node name="StaticBody8" type="StaticBody" parent="Flooring"]
transform = Transform( 0.866025, 0, -0.5, 0, 1, 0, 0.5, 0, 0.866025, 1.91818, -0.00502038, 46.788 )
__meta__ = {
"_edit_group_": true
}

[node name="MeshInstance" type="MeshInstance" parent="Flooring/StaticBody8"]
mesh = SubResource( 1 )
material/0 = null

[node name="CollisionShape" type="CollisionShape" parent="Flooring/StaticBody8"]
shape = SubResource( 2 )

[node name="StaticBody9" type="StaticBody" parent="Flooring"]
transform = Transform( -1, 0, 0, 0, 1, 0, 0, 0, -1, -0.188962, -0.00502038, 54.6211 )
__meta__ = {
"_edit_group_": true
}

[node name="MeshInstance" type="MeshInstance" parent="Flooring/StaticBody9"]
mesh = SubResource( 1 )
material/0 = null

[node name="CollisionShape" type="CollisionShape" parent="Flooring/StaticBody9"]
shape = SubResource( 2 )

[node name="StaticBody21" type="StaticBody" parent="Flooring"]
transform = Transform( -1, 0, 0, 0, 1, 0, 0, 0, -1, -0.188962, 5.12078, 83.8049 )
__meta__ = {
"_edit_group_": true
}

[node name="MeshInstance" type="MeshInstance" parent="Flooring/StaticBody21"]
mesh = SubResource( 1 )
material/0 = null

[node name="CollisionShape" type="CollisionShape" parent="Flooring/StaticBody21"]
shape = SubResource( 2 )

[node name="StaticBody10" type="StaticBody" parent="Flooring"]
transform = Transform( -1, 0, 0, 0, 0.965926, -0.258819, 0, -0.258819, -0.965926, -0.188962, 2.5785, 69.3774 )
__meta__ = {
"_edit_group_": true
}

[node name="MeshInstance" type="MeshInstance" parent="Flooring/StaticBody10"]
mesh = SubResource( 3 )
material/0 = null

[node name="CollisionShape" type="CollisionShape" parent="Flooring/StaticBody10"]
shape = SubResource( 4 )

[node name="StaticBody11" type="StaticBody" parent="Flooring"]
transform = Transform( -0.866025, 0, -0.5, 0, 1, 0, 0.5, 0, -0.866025, 13.5933, -0.00502038, 19.4695 )
__meta__ = {
"_edit_group_": true
}

[node name="MeshInstance" type="MeshInstance" parent="Flooring/StaticBody11"]
mesh = SubResource( 1 )
material/0 = null

[node name="CollisionShape" type="CollisionShape" parent="Flooring/StaticBody11"]
shape = SubResource( 2 )

[node name="StaticBody12" type="StaticBody" parent="Flooring"]
transform = Transform( -0.5, 0, -0.866025, 0, 1, 0, 0.866025, 0, -0.5, 7.84003, -0.00502038, 13.7226 )
__meta__ = {
"_edit_group_": true
}

[node name="MeshInstance" type="MeshInstance" parent="Flooring/StaticBody12"]
mesh = SubResource( 1 )
material/0 = null

[node name="CollisionShape" type="CollisionShape" parent="Flooring/StaticBody12"]
shape = SubResource( 2 )

[node name="StaticBody13" type="StaticBody" parent="Flooring"]
transform = Transform( -0.866025, 0, 0.5, 0, 1, 0, -0.5, 0, -0.866025, 13.5216, -0.00502038, 35.2887 )
__meta__ = {
"_edit_group_": true
}

[node name="MeshInstance" type="MeshInstance" parent="Flooring/StaticBody13"]
mesh = SubResource( 1 )
material/0 = null

[node name="CollisionShape" type="CollisionShape" parent="Flooring/StaticBody13"]
shape = SubResource( 2 )

[node name="StaticBody14" type="StaticBody" parent="Flooring"]
transform = Transform( -1, 0, 0, 0, 1, 0, 0, 0, -1, 15.6944, -0.00502038, 27.3278 )
__meta__ = {
"_edit_group_": true
}

[node name="MeshInstance" type="MeshInstance" parent="Flooring/StaticBody14"]
mesh = SubResource( 1 )
material/0 = null

[node name="CollisionShape" type="CollisionShape" parent="Flooring/StaticBody14"]
shape = SubResource( 2 )

[node name="StaticBody15" type="StaticBody" parent="Flooring"]
transform = Transform( 0.5, 0, -0.866025, 0, 1, 0, 0.866025, 0, 0.5, 7.78039, -0.00502038, 40.98 )
__meta__ = {
"_edit_group_": true
}

[node name="MeshInstance" type="MeshInstance" parent="Flooring/StaticBody15"]
mesh = SubResource( 1 )
material/0 = null

[node name="CollisionShape" type="CollisionShape" parent="Flooring/StaticBody15"]
shape = SubResource( 2 )

[node name="StaticBody16" type="StaticBody" parent="Flooring"]
transform = Transform( -0.5, 0, 0.866025, 0, 1, 0, -0.866025, 0, -0.5, -8.05252, 5.13608, 97.3911 )
__meta__ = {
"_edit_group_": true
}

[node name="MeshInstance" type="MeshInstance" parent="Flooring/StaticBody16"]
mesh = SubResource( 1 )
material/0 = null

[node name="CollisionShape" type="CollisionShape" parent="Flooring/StaticBody16"]
shape = SubResource( 2 )

[node name="StaticBody17" type="StaticBody" parent="Flooring"]
transform = Transform( -0.866025, 0, 0.5, 0, 1, 0, -0.5, 0, -0.866025, -2.30563, 5.13608, 91.6378 )
__meta__ = {
"_edit_group_": true
}

[node name="MeshInstance" type="MeshInstance" parent="Flooring/StaticBody17"]
mesh = SubResource( 1 )
material/0 = null

[node name="CollisionShape" type="CollisionShape" parent="Flooring/StaticBody17"]
shape = SubResource( 2 )

[node name="StaticBody18" type="StaticBody" parent="Flooring"]
transform = Transform( 0.5, 0, 0.866025, 0, 1, 0, -0.866025, 0, 0.5, -23.8717, 5.13608, 97.3194 )
__meta__ = {
"_edit_group_": true
}

[node name="MeshInstance" type="MeshInstance" parent="Flooring/StaticBody18"]
mesh = SubResource( 1 )
material/0 = null

[node name="CollisionShape" type="CollisionShape" parent="Flooring/StaticBody18"]
shape = SubResource( 2 )

[node name="StaticBody19" type="StaticBody" parent="Flooring"]
transform = Transform( 4.37114e-08, 0, 1, 0, 1, 0, -1, 0, 4.37114e-08, -15.9108, 5.13608, 99.4922 )
__meta__ = {
"_edit_group_": true
}

[node name="MeshInstance" type="MeshInstance" parent="Flooring/StaticBody19"]
mesh = SubResource( 1 )
material/0 = null

[node name="CollisionShape" type="CollisionShape" parent="Flooring/StaticBody19"]
shape = SubResource( 2 )

[node name="StaticBody20" type="StaticBody" parent="Flooring"]
transform = Transform( -0.866025, 0, -0.5, 0, 1, 0, 0.5, 0, -0.866025, -29.563, 5.13608, 91.5782 )
__meta__ = {
"_edit_group_": true
}

[node name="MeshInstance" type="MeshInstance" parent="Flooring/StaticBody20"]
mesh = SubResource( 1 )
material/0 = null

[node name="CollisionShape" type="CollisionShape" parent="Flooring/StaticBody20"]
shape = SubResource( 2 )

[node name="StaticBody22" type="StaticBody" parent="Flooring"]
transform = Transform( -1, 0, 0, 0, 1, 0, 0, 0, -1, -31.67, 5.12078, 68.7405 )
__meta__ = {
"_edit_group_": true
}

[node name="MeshInstance" type="MeshInstance" parent="Flooring/StaticBody22"]
mesh = SubResource( 5 )
material/0 = null

[node name="CollisionShape" type="CollisionShape" parent="Flooring/StaticBody22"]
shape = SubResource( 6 )

[node name="StaticBody23" type="StaticBody" parent="Flooring"]
transform = Transform( -1, 0, 0, 0, 1, 0, 0, 0, -1, -31.67, 5.12078, 83.7405 )
__meta__ = {
"_edit_group_": true
}

[node name="MeshInstance" type="MeshInstance" parent="Flooring/StaticBody23"]
mesh = SubResource( 1 )
material/0 = null

[node name="CollisionShape" type="CollisionShape" parent="Flooring/StaticBody23"]
shape = SubResource( 2 )

[node name="StaticBody24" type="StaticBody" parent="Flooring"]
transform = Transform( -3.78552e-08, 0.866025, 0.5, -1, -4.37114e-08, 0, 2.18557e-08, -0.5, 0.866025, -31.6929, 5.82117, 74.3807 )
__meta__ = {
"_edit_group_": true
}

[node name="MeshInstance" type="MeshInstance" parent="Flooring/StaticBody24"]
transform = Transform( 1, 0, 0, 0, 1, 0, 0, 0, 1, -1.90735e-06, -9.53674e-07, 0 )
mesh = SubResource( 7 )
material/0 = null

[node name="CollisionShape" type="CollisionShape" parent="Flooring/StaticBody24"]
shape = SubResource( 8 )

[node name="StaticBody26" type="StaticBody" parent="Flooring"]
transform = Transform( -2.18557e-08, 0.5, 0.866025, -1, -4.37114e-08, 0, 3.78552e-08, -0.866025, 0.5, -31.6929, 5.9269, 69.3935 )
__meta__ = {
"_edit_group_": true
}

[node name="MeshInstance" type="MeshInstance" parent="Flooring/StaticBody26"]
transform = Transform( 1, 0, 0, 0, 1, 0, 0, 0, 1, -1.90735e-06, -9.53674e-07, 0 )
mesh = SubResource( 7 )
material/0 = null

[node name="CollisionShape" type="CollisionShape" parent="Flooring/StaticBody26"]
shape = SubResource( 8 )

[node name="StaticBody25" type="StaticBody" parent="Flooring"]
transform = Transform( -4.2222e-08, 0.965926, -0.258819, -1, -4.37114e-08, 0, -1.13133e-08, 0.258819, 0.965926, -31.6929, 5.95406, 71.5839 )
__meta__ = {
"_edit_group_": true
}

[node name="MeshInstance" type="MeshInstance" parent="Flooring/StaticBody25"]
transform = Transform( 1, 0, 0, 0, 1, 0, 0, 0, 1, -1.90735e-06, -9.53674e-07, 0 )
mesh = SubResource( 7 )
material/0 = null

[node name="CollisionShape" type="CollisionShape" parent="Flooring/StaticBody25"]
shape = SubResource( 8 )

[node name="StaticBody27" type="StaticBody" parent="Flooring"]
transform = Transform( -4.2222e-08, 0.965926, 0.258819, -1, -4.37114e-08, 0, 1.13133e-08, -0.258819, 0.965926, -31.6929, 6.04465, 64.5839 )
__meta__ = {
"_edit_group_": true
}

[node name="MeshInstance" type="MeshInstance" parent="Flooring/StaticBody27"]
transform = Transform( 1, 0, 0, 0, 1, 0, 0, 0, 1, -1.90735e-06, -9.53674e-07, 0 )
mesh = SubResource( 7 )
material/0 = null

[node name="CollisionShape" type="CollisionShape" parent="Flooring/StaticBody27"]
shape = SubResource( 8 )

[node name="Player" parent="." instance=ExtResource( 1 )]

[node name="Camera_Pivot" parent="." instance=ExtResource( 2 )]
